[10. 28. 2.6666666666666665]
[1. 1. 1. 0.]
[2.13310759 4.47142013 1.11389892 0.1       ]
[ 6.54252712 13.73118578  4.18019687  0.2       ]
[16.68481402 27.18349319 26.20646002  0.3       ]
[15.36620014  1.11303893 46.75784264  0.4       ]
[ 1.19827373 -8.86719685 32.45474024  0.5       ]
[-4.83321327 -8.0612806  26.67318894  0.6       ]
[-7.04936137 -8.74748642 24.89008104  0.7       ]
[ -8.6355095  -10.09563999  25.64672545   0.8       ]
[ -9.69220089 -10.15778159  28.03033952   0.9       ]
[-9.37856997 -8.35703374 29.36232531  1.        ]
[-8.07861858 -6.77019916 28.1834245   1.1       ]
[-7.17339698 -6.78342358 25.97599202  1.2       ]
[-7.36206022 -8.09977406 24.5542822   1.3       ]
[-8.48479339 -9.84967709 25.08112257  1.4       ]
[ -9.67232378 -10.43194341  27.51743363   1.5       ]
[-9.64389424 -8.8086224  29.44101303  1.6       ]
[-8.34628683 -6.87301819 28.67061945  1.7       ]
[-7.19910179 -6.53618004 26.37594804  1.8       ]
[-7.146344   -7.69458593 24.57331603  1.9       ]
[-8.17350023 -9.5620229  24.62070417  2.        ]
[ -9.5409627  -10.62853774  26.905621     2.1       ]
[-9.87110281 -9.329296   29.37932378  2.2       ]
[-8.66712933 -7.08277367 29.15916697  2.3       ]
[-7.28919203 -6.33213266 26.86519041  2.4       ]
[-6.9595749  -7.2724702  24.70312428  2.5       ]
[-7.83460983 -9.17965098 24.22728005  2.6       ]
[ -9.3214514  -10.70317365  26.20040552   2.7       ]
[-10.04171507  -9.88975835  29.13392844   2.8       ]
[-9.03678859 -7.42102963 29.61456372  2.9       ]
[-7.45666029 -6.19099995 27.44180638  3.        ]
[-6.81606924 -6.84697551 24.9559051   3.1       ]
[-7.48149178 -8.7127047  23.93192958  3.2       ]
[ -9.01293724 -10.62659402  25.43908633   3.3       ]
[-10.12527564 -10.44480897  28.67098296   3.4       ]
[-9.44002722 -7.90795495 29.98773781  3.5       ]
[-7.71409398 -6.13936813 28.09891795  3.6       ]
[-6.73249474 -6.43378866 25.34295473  3.7       ]
[-7.1301997  -8.17632698 23.76457455  3.8       ]
[ -8.62145936 -10.37949761  24.6719849    3.9       ]
[-10.09069611 -10.93043888  27.97212624   4.        ]
[-9.84946897 -8.55437141 30.21050988  4.1       ]
[-8.07253465 -6.21302907 28.82043091  4.2       ]
[-6.72883186 -6.05200042 25.87459013  4.3       ]
[-6.79963044 -7.58951358 23.75326203  4.4       ]
[-8.16045361 -9.95651091 23.95893835  4.5       ]
[ -9.9110413  -11.26826866  27.046307     4.6       ]
[-10.22218584  -9.34933093  30.19490662   4.7       ]
[-8.53785747 -6.45927443 29.57383304  4.8       ]
[-6.82928348 -5.72681368 26.55955655  4.9       ]
[-6.51211751 -6.97404697 23.92413364  5.        ]
[-7.65056608 -9.36804829 23.36430784  5.1       ]
[ -9.56949635 -11.37697881  25.94022884   5.2       ]
[-10.49824207 -10.24264036  29.84045048   5.3       ]
[-9.10405943 -6.93666635 30.29815356  5.4       ]
[-7.06287697 -5.49450155 27.40300325  5.5       ]
[-6.29479406 -6.35407688 24.30209779  5.6       ]
[-7.1190243  -8.63942891 22.9518104   5.7       ]
[ -9.06519582 -11.18986535  24.74254761   5.8       ]
[-10.60414524 -11.1270068   29.05611479   5.9       ]
[-9.74211551 -7.70683609 30.88599974  6.        ]
[-7.46264197 -5.41077523 28.4010078   6.1       ]
[-6.1820688  -5.7572881  24.91199323  6.2       ]
[-6.59914728 -7.80748944 22.78070611  6.3       ]
[ -8.41710106 -10.67374573  23.57773065   6.4       ]
[-10.46449453 -11.83224143  27.80082189   6.5       ]
[-10.38427608  -8.80793597  31.16302254   6.6       ]
[-8.06071767 -5.56339117 29.52716569  6.7       ]
[-6.21951871 -5.21939733 25.77967506  6.8       ]
[-6.13093348 -6.9158229  22.90461651  6.9       ]
[-7.66450333 -9.84166585 22.58955699  7.        ]
[-10.02280584 -12.14959314  26.13426486   7.1       ]
[-10.90822512 -10.19664568  30.88158099   7.2       ]
[-8.87372445 -6.08635527 30.70185467  7.3       ]
[-6.46899127 -4.79556098 26.9313103   7.4       ]
[-5.76413774 -6.01063685 23.37365925  7.5       ]
[-6.86421746 -8.75293398 21.92001597  7.6       ]
[ -9.26649238 -11.89568556  24.25057808   7.7       ]
[-11.13542012 -11.66059795  29.76967616   7.8       ]
[-9.86840302 -7.15908402 31.72869896  7.9       ]
[-7.01248634 -4.58589511 28.38543646  8.        ]
[-5.56594437 -5.14048998 24.23991603  8.1       ]
[-6.08678344 -7.49948041 21.69301839  8.2       ]
[ -8.24429153 -10.99531603  22.46008419   8.3       ]
[-10.86844305 -12.75989743  27.68565128   8.4       ]
[-10.89727369  -8.93534783  32.19140957   8.5       ]
[-7.94470301 -4.7869642  30.11968108  8.6       ]
[-5.6362889  -4.36699789 25.56532839  8.7       ]
[-5.41650331 -6.1842681  22.01129941  8.8       ]
[-7.06467868 -9.53123117 21.11232897  8.9       ]
[ -9.9818569  -12.93082892  24.84934113   9.        ]
[-11.62036374 -11.2936378   31.39032332   9.1       ]
[-9.32192774 -5.77146831 31.9559148   9.2       ]
[-6.13314913 -3.80593452 27.42709568  9.3       ]
[-4.96347648 -4.90248068 22.97046164  9.4       ]
[-5.87606113 -7.71829983 20.50508267  9.5       ]
[ -8.52688946 -11.81674055  21.9388601    9.6       ]
[-11.51890386 -13.4094275   28.63275011   9.7       ]
[-10.99033335  -8.08816185  33.23378135   9.8       ]
[-7.29574759 -3.75369052 29.89054699  9.9       ]
[-4.90269119 -3.74390647 24.69081643 10.        ]
[-4.8482088  -5.81397102 20.84586034 10.1       ]
[-6.75609627 -9.58266864 19.83453692 10.2       ]
[-10.18744504 -13.7688415   24.1788971   10.3       ]
[-12.23166344 -11.84017737  32.28213723  10.4       ]
[-9.36825072 -5.00974046 32.77440567 10.5       ]
[-5.56726794 -2.87630312 27.36510468 10.6       ]
[-4.193392   -4.02383241 22.30125542 10.7       ]
[-5.02955636 -6.8366208  19.19543511 10.8       ]
[ -7.80591591 -11.49527416  19.86879573  10.9       ]
[-11.66346851 -14.814982    27.17673725  11.        ]
[-12.00659133  -9.13559443  34.45391939  11.1       ]
[-7.59092783 -2.97938343 31.24484443 11.2       ]
[-4.30786384 -2.48493522 25.13775438 11.3       ]
[-3.71614187 -4.20474966 20.33907868 11.4       ]
[-5.1604879  -7.58753293 17.80799512 11.5       ]
[ -8.62804212 -13.0230815   19.9400227   11.6       ]
[-12.70786638 -15.19483975  29.66376141  11.7       ]
[-11.48849043  -6.83844279  35.41443134  11.8       ]
[-6.23601646 -1.69967932 29.98057599 11.9       ]
[-3.34328557 -1.98218347 23.59603746 12.        ]
[-3.09418622 -3.80635224 18.82865252 12.1       ]
[-4.71041731 -7.30981995 16.26949262 12.2       ]
[ -8.48758584 -13.40509196  18.5044301   12.3       ]
[-13.26042158 -16.35912147  29.76592545  12.4       ]
[-11.8956403  -6.3653223  36.6348081  12.5      ]
[-5.76598961 -0.60814164 30.23079416 12.6       ]
[-2.49511041 -0.88764716 23.33375529 12.7       ]
[-1.94568506 -2.23906736 18.14545236 12.8       ]
[-2.93339013 -4.6706548  14.607496   12.9       ]
[-5.73755993 -9.83342188 13.89760261 13.        ]
[-11.23523698 -17.60121635  21.26405778  13.1       ]
[-14.84659115 -13.3145083   37.05868995  13.2       ]
[-8.63932621 -0.56062896 35.19402944 13.3       ]
[-2.54778679  1.22850413 26.6200248  13.4       ]
[-0.38017814  0.6645155  20.2841197  13.5       ]
[ 0.22886022  0.606788   15.5354626  13.6       ]
[ 0.62791943  1.13578784 11.93153766 13.7       ]
[ 1.43553353  2.67250939  9.30524653 13.8       ]
[ 3.51575808  6.75426497  8.11614452 13.9       ]
[ 8.72428652 16.20954172 12.34793969 14.        ]
[16.52154649 21.13151974 33.45290051 14.1       ]
[11.93073842  0.47050539 40.91557531 14.2       ]
[ 1.98520389 -4.76904737 29.73284705 14.3       ]
[-2.17721778 -4.6251907  22.98659651 14.4       ]
[-4.27448377 -6.47220332 19.18758252 14.5       ]
[ -7.14787676 -10.82701599  19.03050373  14.6       ]
[-11.25590159 -15.08355844  25.60359532  14.7       ]
[-12.53658812 -10.45554182  34.39904613  14.8       ]
[-8.22544362 -3.15717779 32.27783449 14.9       ]
[-4.39415823 -2.06971252 25.91600574 15.        ]
[-3.39533479 -3.53728916 20.71694461 15.1       ]
[-4.47985171 -6.51347895 17.53954786 15.2       ]
[ -7.58695448 -11.78635763  18.27129928  15.3       ]
[-12.16166811 -16.07501347  26.91256912  15.4       ]
[-12.61559422  -9.01731501  35.8828683   15.5       ]
[-7.21770042 -1.76317068 31.70556896 15.6       ]
[-3.4267266  -1.33354714 24.83047824 15.7       ]
[-2.58922038 -2.7822493  19.50538626 15.8       ]
[-3.61359172 -5.4987729  16.02088815 15.9       ]
[ -6.60102506 -10.83573597  15.89083201  16.        ]
[-11.81377409 -17.17893197  24.11619199  16.1       ]
[-13.85729123 -11.04679751  36.82135147  16.2       ]
[-7.86221067 -1.03079346 33.48571696 16.3       ]
[-2.90179314  0.04592133 25.70905744 16.4       ]
[-1.36601732 -0.88457906 19.75034682 16.5       ]
[-1.49705625 -2.15949081 15.3051251  16.6       ]
[-2.75698106 -4.75161396 12.34531447 16.7       ]
[ -5.95472838 -10.65388439  12.34526134  16.8       ]
[-12.24923231 -19.34075611  22.04775806  16.9       ]
[-15.28552088 -11.65832454  39.50208055  17.        ]
[-7.32799379  1.43007193 34.56865654 17.1       ]
[-1.20762432  2.37049047 25.76059385 17.2       ]
[ 0.9637317   2.28745035 19.75053096 17.3       ]
[ 2.22738004  3.70578325 15.54660343 17.4       ]
[ 4.41429635  7.56984445 13.51560054 17.5       ]
[ 9.00169329 15.03503781 17.06862364 17.6       ]
[14.6229375  17.54373264 32.16418879 17.7       ]
[11.52855764  3.68930407 37.99985138 17.8       ]
[ 4.13012848 -1.34127178 29.42835155 17.9       ]
[ 0.788402   -0.91812616 22.31261273 18.        ]
[-0.17751912 -0.70665678 17.07590418 18.1       ]
[-0.64488304 -1.1681778  13.11331406 18.2       ]
[-1.43814109 -2.62951807 10.2119743  18.3       ]
[-3.4179899  -6.47891119  8.76001785 18.4       ]
[ -8.32386783 -15.39147786  12.30062798  18.5       ]
[-16.01148122 -21.28019747  31.77422487  18.6       ]
[-12.56280966  -1.84498952  41.16745534  18.7       ]
[-2.6597542   4.37174141 30.23624225 18.8       ]
[ 1.68600971  4.18272366 23.14468954 18.9       ]
[ 3.71210319  5.73942348 18.91939992 19.        ]
[ 6.38249764  9.89414085 17.93201589 19.1       ]
[10.65004887 15.17036981 23.48256416 19.2       ]
[13.12175785 12.25568931 33.99843154 19.3       ]
[ 9.10985355  3.47804633 33.65271798 19.4       ]
[ 4.51808527  1.47565303 26.94909819 19.5       ]
[ 2.95107714  2.62745462 21.2282627  19.6       ]
[ 3.55299768  5.04012929 17.29880779 19.7       ]
[ 6.05443114  9.69095675 16.30543588 19.8       ]
[10.75335045 16.0124021  22.32895895 19.9       ]
[13.83459232 13.01538371 34.93848042 20.        ]
[ 9.1536187   2.54234162 34.52101791 20.1       ]
[ 3.8580019   0.40167955 26.99269283 20.2       ]
[ 1.9835137   1.3596778  20.85490455 20.3       ]
[ 2.14801902  3.00837194 16.34262912 20.4       ]
[ 3.77593275  6.32036075 13.69243296 20.5       ]
[ 7.65997907 13.04406248 15.32688548 20.6       ]
[13.67277158 18.67477419 27.96806212 20.7       ]
[13.21667361  6.88877808 38.87988876 20.8       ]
[ 5.55694104 -1.08641002 31.47783862 20.9       ]
[ 1.25954928 -1.05657592 23.7815182  21.        ]
[-0.03775447 -0.69341356 18.17955496 21.1       ]
[-0.52658534 -0.98927672 13.94667048 21.2       ]
[-1.18043438 -2.13672447 10.79591818 21.3       ]
[-2.75910093 -5.19992379  8.88149251 21.4       ]
[ -6.75874986 -12.72445517  10.47366845  21.5       ]
[-14.43075421 -22.07930892  25.59913173  21.6       ]
[-14.88738081  -6.55994295  42.48541917  21.7       ]
[-4.54544068  4.18206685 32.6138627  21.8       ]
[ 1.02196125  4.15046046 24.53483023 21.9       ]
[ 3.25013631  5.15198045 19.70605308 22.        ]
[ 5.6038221   8.66592371 17.75330751 22.1       ]
[ 9.5554956  14.16916158 21.37531197 22.2       ]
[13.0918535  14.13770303 31.94440193 22.3       ]
[10.43055263  5.04903247 34.83417546 22.4       ]
[ 5.34320525  1.49109128 28.53707854 22.5       ]
[ 3.09603276  2.25257595 22.44241353 22.6       ]
[ 3.25923243  4.32897918 18.04974511 22.7       ]
[ 5.27253768  8.33777419 16.14127439 22.8       ]
[ 9.51514968 14.73242862 19.99662029 22.9       ]
[13.74638883 15.20920322 32.43760502 23.        ]
[10.68910442  4.32916141 35.92444113 23.1       ]
[ 4.78406989  0.40987598 28.69568214 23.2       ]
[ 2.19645756  1.08517885 22.14472549 23.3       ]
[ 1.99777583  2.5528427  17.26781344 23.4       ]
[ 3.26234068  5.33631233 14.10381137 23.5       ]
[ 6.52586721 11.19831042 14.30786822 23.6       ]
[12.3929494  18.48142012 24.02820611 23.7       ]
[14.37872014 10.47110943 38.4714468  23.8       ]
[ 7.1845845  -0.42499316 33.54663394 23.9       ]
[ 1.88337567 -1.17896673 25.30303933 24.        ]
[ 0.15479128 -0.68553584 19.31226854 24.1       ]
[-0.38669448 -0.80174874 14.80208842 24.2       ]
[-0.90781786 -1.63302608 11.40497192 24.3       ]
[-2.0895997  -3.91197781  9.0875236  24.4       ]
[-5.12435115 -9.76923334  9.06482592 24.5       ]
[-11.93775842 -20.46295098  18.64986769  24.6       ]
[-16.72157632 -13.70997127  41.10418519  24.7       ]
[-7.47606601  3.24547742 36.11114697 24.8       ]
[-2.03962310e-02  4.33975348e+00  2.65647002e+01  2.49000000e+01]
[ 2.77574606  4.7312092  20.98178172 25.        ]
[ 4.88758609  7.48136991 18.10898947 25.1       ]
[ 8.34405288 12.64882753 19.77176314 25.2       ]
[12.47483002 15.2628085  28.95133217 25.3       ]
[11.71429892  7.46208943 35.34476059 25.4       ]
[ 6.57157537  1.92212291 30.37741504 25.5       ]
[ 3.52701256  2.02669403 23.9839232  25.6       ]
[ 3.17652277  3.81768953 19.16263544 25.7       ]
[ 4.72904416  7.25986908 16.54138525 25.8       ]
[ 8.41379157 13.21460838 18.61420992 25.9       ]
[13.10993364 16.24445329 29.48178578 26.        ]
[11.93896656  6.66396002 36.47715141 26.1       ]
[ 5.94785982  0.81465912 30.34693157 26.2       ]
[ 2.66627042  1.04460956 23.49068508 26.3       ]
[ 2.12955645  2.46842544 18.32545253 26.4       ]
[ 3.20442238  5.07510686 14.88393132 26.5       ]
[ 6.18617445 10.48297936 14.55798989 26.6       ]
[11.72528847 17.77588493 22.8058361  26.7       ]
[14.47550844 11.9061672  37.46111008 26.8       ]
[ 8.01620557  0.39708764 34.26693639 26.9       ]
[ 2.46016864 -0.87784216 25.99287126 27.        ]
[ 0.59872867 -0.22532519 19.84082116 27.1       ]
[ 0.22250759  0.13481233 15.19519769 27.2       ]
[ 0.27279991  0.44132124 11.64424211 27.3       ]
[ 0.58707445  1.09171316  8.94641653 27.4       ]
[ 1.45473647  2.83094416  7.02105309 27.5       ]
[ 3.83497981  7.6033016   6.54337926 27.6       ]
[ 9.92536546 18.56368083 12.9235632  27.7       ]
[17.65666216 19.71467911 38.08837725 27.8       ]
[ 9.97308046 -2.80273657 39.6711023  27.9       ]
[ 0.26952783 -5.71526079 28.58120487 28.        ]
[-3.45007754 -5.8144871  22.86117558 28.1       ]
[-5.70915988 -8.22730479 20.33365062 28.2       ]
[ -8.78372387 -12.30676441  22.21625329  28.3       ]
[-11.7614783  -13.33715651  29.42311468  28.4       ]
[-10.75731601  -7.41742424  33.38332523  28.5       ]
[-6.90225999 -3.44585973 29.43509926 28.6       ]
[-4.68001961 -3.71714378 24.17371579 28.7       ]
[-4.80446923 -5.93647528 20.42129263 28.8       ]
[-6.88548688 -9.89625949 19.65721429 28.9       ]
[-10.46639491 -14.0979486   24.5553549   29.        ]
[-12.31763495 -11.50108319  32.84335772  29.1       ]
[-9.07701871 -4.52596152 32.64786665 29.2       ]
[-5.27329152 -2.69630217 26.97187165 29.3       ]
[-4.02265677 -3.96476722 21.89237224 29.4       ]
[-4.95834132 -6.8632494  18.82269797 29.5       ]
[ -7.85445621 -11.69167205  19.64033385  29.6       ]
[-11.8464851  -15.05624392  27.3844951   29.7       ]
[-12.05774339  -8.8978038   34.78491084  29.8       ]
[-7.40375275 -2.66776359 31.1928423  29.9       ]
[-4.08503588 -2.27538077 24.93067063 30.        ]
[-3.50314211 -3.98759047 20.05352364 30.1       ]
[-4.92906647 -7.33252027 17.38993886 30.2       ]
[ -8.41532026 -12.9152206   19.29259572  30.3       ]
[-12.76862817 -15.67083716  29.2373368   30.4       ]
[-11.79547225  -7.07938175  35.83688515  30.5       ]
[-6.28184441 -1.43227598 30.3333416  30.6       ]
[-3.14873894 -1.61257024 23.72851669 30.7       ]
[-2.73744507 -3.27317253 18.75182753 30.8       ]
[-4.12439583 -6.43518634 15.77497908 30.9       ]
[ -7.62248225 -12.38905509  16.92412676  31.        ]
[-12.86471613 -17.28295741  27.3796629   31.1       ]
[-12.94007659  -8.12352538  37.33210777  31.2       ]
[-6.47418992 -0.41822452 31.63535363 31.3       ]
[-2.42908501 -0.24768561 24.25900533 31.4       ]
[-1.4224542  -1.29667663 18.69118467 31.5       ]
[-1.87778246 -2.89674492 14.60321554 31.6       ]
[-3.64624085 -6.36113621 12.27348203 31.7       ]
[ -7.83121926 -13.68982302  14.42635881  31.8       ]
[-14.3376605  -19.51387503  28.90477505  31.9       ]
[-13.15050623  -5.55609603  39.74041208  32.        ]
[-4.74940712  2.08302198 31.1138132  32.1       ]
[-0.42001475  1.92974771 23.43055747 32.2       ]
[ 1.07064417  2.12240484 18.02619407 32.3       ]
[ 2.26599537  3.82856523 14.23588728 32.4       ]
[ 4.66719192  8.18263352 12.69020815 32.5       ]
[ 9.75397094 16.32480191 17.59938166 32.6       ]
[15.22935952 16.87522168 34.52701572 32.7       ]
[10.56267087  1.82277564 37.59842595 32.8       ]
[ 3.14515718 -1.90903709 28.44014047 32.9       ]
[ 0.10874029 -1.48324002 21.58425586 33.        ]
[-0.95868078 -1.80880594 16.60385212 33.1       ]
[-2.02850151 -3.50459884 13.0582625  33.2       ]
[-4.35762998 -7.82688536 11.54929446 33.3       ]
[ -9.52375003 -16.39909424  16.3035869   33.4       ]
[-15.60777283 -17.91160477  34.43680377  33.5       ]
[-10.87372932  -1.44256092  38.41757411  33.6       ]
[-2.83607391  2.63507662 28.74269054 33.7       ]
[ 0.48952477  2.32228365 21.83446129 33.8       ]
[ 1.87800718  3.1834681  17.02220879 33.9       ]
[ 3.65191163  6.14420694 14.14595385 34.        ]
[ 7.37247464 12.51153955 15.32466609 34.1       ]
[13.26538939 18.49013211 26.94589266 34.2       ]
[13.48234405  7.90251131 38.63815779 34.3       ]
[ 6.07031197 -0.7177373  31.97850079 34.4       ]
[ 1.58782202 -0.86369769 24.19237268 34.5       ]
[ 0.25221713 -0.34679605 18.48859271 34.6       ]
[-0.07911159 -0.26743794 14.15962404 34.7       ]
[-0.26715798 -0.50024984 10.85108571 34.8       ]
[-0.63920001 -1.21321628  8.34400786 34.9       ]
[-1.62370896 -3.18767035  6.60062588 35.        ]
[-4.33286873 -8.61588336  6.54210839 35.1       ]
[-11.09304242 -20.3088521   14.94259107  35.2       ]
[-17.81009691 -16.85905706  41.08461673  35.3       ]
[-8.29172879  4.20000063 37.95212888 35.4       ]
[ 0.55400729  5.76187925 27.64271831 35.5       ]
[ 3.86211176  6.11680934 22.45508909 35.6       ]
[ 6.16734915  8.82427745 20.48575266 35.7       ]
[ 9.32339144 12.76394441 23.20725355 35.8       ]
[11.85289802 12.62946356 30.49975123 35.9       ]
[10.16468955  6.53604033 32.97164502 36.        ]
[ 6.46549839  3.44052553 28.55813478 36.1       ]
[ 4.67784938  4.10077742 23.54462887 36.2       ]
[ 5.140127    6.58153131 20.23650342 36.3       ]
[ 7.50651159 10.74087703 20.28950561 36.4       ]
[11.03390968 14.17650494 26.20163037 36.5       ]
[11.95755498 10.0938026  33.42663281 36.6       ]
[ 8.28133946  3.95924289 31.62725329 36.7       ]
[ 4.97521305  2.96425559 25.97641323 36.8       ]
[ 4.20526178  4.55137556 21.29411579 36.9       ]
[ 5.52579218  7.81665393 18.87567984 37.        ]
[ 8.75184414 12.74916706 20.98124064 37.1       ]
[12.31725342 14.34659562 29.63782124 37.2       ]
[11.1491346   7.06472908 34.51775428 37.3       ]
[ 6.51603395  2.46336013 29.71872922 37.4       ]
[ 3.92972363  2.76188703 23.79294836 37.5       ]
[ 3.87882502  4.83212923 19.44252825 37.6       ]
[ 5.80126122  8.74427179 17.71516219 37.7       ]
[ 9.7192201  14.31100869 21.61580107 37.8       ]
[13.12515415 13.92149335 32.2535554  37.9       ]
[10.2597235   4.81060209 34.70079808 38.        ]
[ 5.22288608  1.47911626 28.32054019 38.1       ]
[ 3.07059899  2.30079824 22.27488375 38.2       ]
[ 3.29437738  4.41965874 17.94265562 38.3       ]
[ 5.37161469  8.51224413 16.14727107 38.4       ]
[ 9.68205133 14.92578102 20.2796932  38.5       ]
[13.78827168 14.95744827 32.82249597 38.6       ]
[10.48493744  4.05100024 35.76080902 38.7       ]
[ 4.64666219  0.4001     28.45861874 38.8       ]
[ 2.16233134  1.12321397 21.96481246 38.9       ]
[ 2.01641178  2.61409444 17.13811507 39.        ]
[ 3.32991838  5.46620293 14.04120362 39.1       ]
[ 6.67727664 11.45039956 14.42520879 39.2       ]
[12.58629047 18.56994476 24.56232014 39.3       ]
[14.24711394  9.95484629 38.6100887  39.4       ]
[ 6.94281775 -0.54522499 33.25014833 39.5       ]
[ 1.78741729 -1.15834249 25.08093279 39.6       ]
[ 0.12878123 -0.67883901 19.14766476 39.7       ]
[-0.39936783 -0.81484887 14.67713294 39.8       ]
[-0.93010454 -1.67451098 11.31257343 39.9       ]
